TaxId
1052672
1540097
663554
663556
2826244
2565674
380598
2565675
2565676
2565677
2484247
2565678
1509405
2565679
1792032
2565680
2565681
2951208
929832
2863150
340016
2565683
2928692
2005048
2736186
2570300
2570301
2873406
2873407
2873408
2873404
2873405
1873994
1873995
1873996
108619
2565688
2805843
2805844
2565690
2565691
2863195
2936925
938081
1298530
1175654
2596966
2951272
2951273
2951274
2979958
2848887
2848886
743545
2932861
2736258
2830470
2914443
2562189
2743863
696472
1519788
2801837
2826424
2873528
2500801
2743865
1913034
2793677
1913044
2871516
2951389
2928862
2801887
2801888
2801889
2928864
2590947
2793699
28901
1663208
1663209
1663210
2801897
2801898
2793707
2951403
2826479
2935024
2736366
2951410
2572531
2743867
1054968
2871545
186617
2871547
2871548
2871549
2603262
2603263
2652415
1173761
1173762
2832643
2652414
2652425
10506
2743868
2656527
2656529
1566994
2656532
1913109
2656542
2994463
1278246
2726183
1278247
1278248
1278249
1278250
1278252
1278253
1278254
1278255
1278251
1204524
1278258
1278257
1917232
1278261
1278262
1278263
2591030
1278265
2591032
2591033
1278268
1278269
2869566
1278270
1278272
1278273
1116482
1278274
1278275
1278276
1278277
1278279
1278278
2060617
1542477
2660687
2802002
2885972
2660693
285013
1239386
2885983
2885984
2885988
1273749
686439
2656621
754037
754038
754039
754040
2743872
754042
555387
754044
2027899
754046
2027905
2847106
2847107
754052
2847109
2847108
754059
754062
754063
754064
2591121
2912657
754065
754072
754073
754075
2484637
2484639
2484640
399781
2781607
2743874
2826667
2565672
537009
2783668
2783669
2783673
2783674
444859
444860
444861
444862
2875839
2875841
1278402
268746
268747
1698253
444878
2859475
2488789
1278423
2656730
2743876
2859487
480
322019
1589733
2877926
1907173
10732
2884083
2859509
2877942
2859510
2583038
1120767
1493507
1493508
1493509
1493510
1493511
1493512
1493513
1493514
1278479
1964565
1278485
2023959
2877977
2877978
2877979
2759194
2857500
2877980
2877982
2877983
2877984
2877985
2877986
2877988
2877987
2877981
2877991
2877992
2877993
2877994
2877995
2593324
2877996
2877998
2877999
2910768
2878001
2878002
2878003
2878004
2878005
2878006
2878007
2023992
2023993
2023994
2878011
2878012
2878013
2023995
2894399
2023996
2740801
2015806
2015805
3017283
1278271
2878000
2593356
2593357
2593358
2593359
2593360
1079895
2478683
3020476
3021412
2759272
1970799
1970800
2218612
546803
2865792
2865794
2488964
2488965
2927238
240263
2927241
2488969
240268
240269
1327758
1327759
1327760
240271
1327762
2060947
2488978
2488972
2927252
2927250
1673877
2865805
682650
682651
373404
1673878
2601630
2601627
2704031
2041519
1903266
2927266
2704039
658087
2876083
2601653
2601654
1407671
2968248
2978486
2927291
1079998
2601663
2822848
2601664
1598146
2079426
2601665
2079428
1079999
2704071
2704072
2998984
2704074
2601675
1647303
2767565
2767566
2968270
2998991
2108113
2108114
2108117
2601686
2652887
2767576
2652890
2601693
2601695
2767584
2652898
2767587
2767588
2999013
2108134
2999012
2970338
2863852
2863854
2863856
2675442
2530038
2530040
1450746
2894593
1604355
2806547
2655002
2927297
2024229
2065191
346932
2878260
1690425
1690426
1690427
1690428
2849598
1327936
1327938
2884419
2884421
2024264
2884426
2884430
2079572
2079573
2939733
2849626
2024286
2024287
2024288
2024289
2024290
2024291
2024292
2024293
2081631
2972516
2871544
1176426
2871546
2530160
1868660
2970487
2530169
2970489
2530170
2530172
2759203
1796993
2894723
2970507
2970508
2970509
2970510
2970511
2970512
2970513
1211278
2970515
1026955
2970518
2970519
1698710
2970521
2599831
2599830
2591644
2970525
2970526
2419614
2970529
2970530
2100130
2509731
2419621
2419622
97195
1332145
2509745
2163635
2509746
2894774
2812854
2935734
2759214
2945978
2784187
2599867
1262527
1262528
2790336
1647554
46019
46021
2790345
2790347
2599888
2599889
2517973
2126807
1897432
1897433
2589658
1897435
2589659
1897437
2894364
1815521
1815522
2419682
2796515
2796517
3003366
658401
699370
33771
1838061
1838065
1838069
1838075
1838076
1838078
2982914
1958916
1958917
1958918
1958919
2982919
2950152
2950151
2984976
2984977
2872337
1797140
2735125
2833430
2880537
1051675
1051676
2880541
2880542
2880540
2772020
205877
2772021
2094133
2094134
2968630
2825274
3017788
3038269
3038282
2847822
2847823
1137744
1137745
2507857
2507854
1983572
2507858
2507860
2653272
889950
889951
889952
2679905
889956
889957
1399915
2126957
2126958
2845814
451705
1074305
38018
2126979
2126980
1074307
2774152
1524880
1784982
2825367
2488974
2950300
2950303
2488975
2743866
3038373
541865
2608300
2182318
2182319
2182320
2182321
2182322
2182323
3038382
2876597
2163901
347327
1220595
2100421
2182346
2696397
1881294
2182351
2182352
2182359
2010329
2182361
1436889
2718941
2718942
1852639
2718943
1883365
1883366
1883367
1883368
1883369
373996
373997
2716914
445683
445684
445685
445686
2813174
445688
2813173
3015924
1844477
445696
2790659
445700
2790660
238854
2768141
2315535
2315537
869661
869662
869663
2686238
2821410
2821411
2821412
2821413
1465639
1340712
1881383
1965354
1983783
2559280
2559281
2559282
2559283
2559284
2559285
1881420
1881421
2899278
2686286
2825556
1881429
2860374
1881431
869724
869725
869726
2686301
2686300
1088865
1088866
1088867
2315615
1881448
2825579
2827633
2041205
2041206
2041207
2041208
2041209
1891703
2712956
1406341
2024840
1340810
1340811
1340812
2995601
2839956
382359
1887645
3003809
2268578
1340835
2823586
1815973
2981564
2508203
1815983
1815984
1815985
2508208
2082229
1462
2315706
753084
2891199
2891200
753087
2588097
2315715
2502468
2833876
351708
2743856
2743857
2866663
2719210
2588141
2835952
83442
2835956
2877997
2502477
1916414
2606591
2948606
2743862
2835970
2948609
2835972
2041348
2835974
2835975
2686471
2835977
2835978
2835979
2835980
3028492
2420238
3028493
2565644
2835984
2565645
2565646
2565647
2565648
2565649
2565650
2565651
2565652
1586713
2565657
1586715
2565659
2653725
2565660
880159
880160
880161
880162
1300004
1300005
1300006
1300007
2053672
2743846
2743847
2743848
2743849
2743850
2909742
2743851
2743852
2743853
2565682
2743854
2565684
2565685
2565686
2743855
2743864
2910766
2836026
2743858
2743859
2743860
2743861
2743871
2565687
2743873
2565689
2743875
1486404
2729541
2565693
2565694
2565695
2653769
2565697
2653771
755272
2653770
2836046
2653772
2059856
2743877
2743878
1732177
2743883
2743884
2743879
2301527
2743887
2743888
2985562
2059867
2301530
2743880
2985566
2250335
673376
2743881
2301536
2250336
2743899
2743882
2743901
2743908
2743912
2743913
2059882
1089131
2301548
2301553
2301555
2743885
2743869
2743886
2739834
2301562
1123964
1048189
2836092
2041474
2041475
2301573
2041477
2301575
2743889
2743890
2711183
2023057
2743891
2711185
2743870
2743892
1775256
2250395
2743893
2743894
2743970
2743895
2762408
2301609
2234026
2743896
2041516
2762409
2041513
2234031
2041520
2301617
2743986
2041521
2743897
2743898
2041526
1674926
1674927
2510513
2510514
2713267
2510516
2713269
2301621
2743900
2510519
687800
687803
2510524
2510525
2510526
2510527
2743998
2041537
2041545
2801354
2801355
2801356
2801357
1042123
2801359
1042124
1042122
2301642
2914003
2914006
2914007
42683
2301661
2827998
2930399
1898207
2963171
2965223
2965226
2510576
2081630
2510578
2510579
2510580
2510581
2510582
2510577
2725616
2797306
2801403
2510587
2510588
2725628
2301693
2725629
691964
2283265
2283266
2283267
691965
2815754
2905867
546808
2776848
2776849
2301714
2301715
1468179
2502421
2502423
2502424
2502426
2545435
2545436
2502429
2283291
2545437
2502432
2502435
2502436
2023205
2283302
2283303
2283304
2502439
2502442
2283305
2502445
2502449
2502455
2502456
2502457
2502458
2502459
2502460
2502461
2502462
2502463
2502464
2502465
1556290
2905923
2596675
2502469
2502466
2502467
2502470
2502473
2588490
2502475
2588487
2961702
2502478
2502471
2502472
756275
2502474
2070199
2201421
2502476
2502479
2502480
2973522
2502483
2502484
2502482
756276
2834266
2742108
756278
407392
2742113
2588514
2506594
2969442
2969441
2742112
2588515
2588518
2801512
2801514
2801513
2588517
642926
1273711
1873777
2801523
2871158
2871159
2801530
536444
2494333
536446
1197951
2047876
536453
536454
2662277
2994057
2926475
1273743
1034128
2593331
1273746
536466
1273748
2592658
2996116
1034132
1034134
536464
536472
1785753
2565653
536474
536473
2856860
2565654
2593334
2565655
1701800
2565656
1701802
3028910
3028911
2723762
2565658
309181
2832318
2826175
2832320
2832321
2565661
942016
292800
2565662
2826184
2910155
2565664
2832339
2832340
2740181
2740182
2565665
2832338
2832341
2565666
2502481
1400796
2721756
2721757
2565667
2721760
1873888
2928613
2565668
2928614
2928615
2928617
2928616
2565669
2971625
2928618
2928619
2928620
2565670
2928621
2928622
2928623
2928624
2565671
2928625
546807
2928626
2928627
2762280
2928628
2928629
546806
546805
2565673
